00001143
00001361
00001362
00001465
00001695
00001769
00001849
00002344
00003002
00003173
00003493
00003641
00003712
00003806
00003807
00003811
00003842
00004731
00005601
00005602
00005603
00005607
00005608
00005935
00005941
00006069
00006432
00006435
00006658
00006659
00006787
00007020
00007393
00007935
00008023
00008097
00008750
00008802
00008835
00008836
00008838
00008902
00008904
00009419
00009510
00009820
00009822
00009872
00009873
00009877
00009880
00009882
00009929
00009970
00009997
00010071
00010095
00010535
00010545
00010549
00010575
00010577
00010690
00010748
00010749
00010946
00010947
00010965
00011030
00011249
00011251
00011512
00011548
00011770
00011806
00011834
00011994
00012002
00012067
00012086
00012384
00012470
00012534
00012657
00012733
00012739
00012740
00012766
00012769
00012785
00012822
00012825
00012826
00012827
00012828
00012831
00012897
00013337
00013462
00013891
00014269
00014355
00032201
00032711
00032870
00032874
00032878
00032881
00032886
00033125
00033317
00033357
00034013
00036109
00036544
00036582
00037145
00037146
00037147
00037148
00037149
00037912
00038284
00039351
00039536
00039538
00039541
00039551
00039555
00039561
00041246
00044383
00045389
00045751
00046591
00047549
00048727
00049025
00049226
00049533
00049539
00049543
00055338
00058333
00058370
00058570
00058583
00058590
00058597
00059853
00061116
00063736
00067315
00068326
00137389
00137398
00139115
00139314
00142127
00143085
00144248
00145345
00156967
00157928
00158479
00158676
00166706
00166707
00171367
00174130
00174411
00177194
00184319
00186708
00193509
00193521
00194741
00204188
10009483
10011582
10014068
10022397
10023087
10026460
10030784
10041158
10046703
10049371
10056016
10056686
10059332
10059964
10070225
10081744
10081756
10083308
10084432
10086093
10089150
10093445
10094323
10094884
10094887
10097567
10109777
10111764
10112669
10112671
10112674
10113046
10113152
10117224
10117501
10119478
10120319
10125230
10138060
10147936
10149858
10152158
10152254
10153016
10155203
10165530
10167177
10169500
10170165
10172882
10175829
10183566
10184359
10208859
10208985
10208991
10209365
10214845
10225153
10231555
10231844
10234094
10235228
10239089
10241209
10250432
10254580
10254616
10259634
10268650
10271135
10272163
10276388
10278210
10278371
10283178
10283309
10284872
10285532
10286383
10286601
10290526
10293082
10293474
10294124
10294157
10294165
10294539
10294540
10297038
10297047
10297171
10297263
10299595
10302157
10306898
10315516
10315819
10316704
10316715
10322326
10323170
10323800
10325969
10326721
10333701
10334720
10334953
10334955
10337906
10337932
10343952
10344736
10345468
10347451
10348531
10348552
10351686
10352246
10355591
10358245
10360742
10365135
10365184
10368703
10368705
10375578
10378392
10381402
10381692
10382717
10390151
10406344
10419126
10421469
10421470
10422072
10423019
10428897
10430521
10430528
10432998
10434878
10435247
10437504
10439345
10443913
10443914
10443917
10443918
10443919
10443920
10443921
10443922
10444605
10449707
10451394
10453020
10456611
10456911
10459275
10463181
10469154
10473743
10480217
10480305
10481172
10482168
10482216
10486301
10494109
10498967
10498975
10503395
10505354
10507452
10507821
10507825
10507828
10507832
10507833
10507834
10507900
10507961
10508044
10508470
10508495
10508498
10508710
10509383
10511007
10511112
10511981
10513131
10514166
10515503
10515953
10515966
10516518
10516523
10517244
10517249
10517298
10517818
10519482
10523109
10528217
10530507
10532328
10532719
10539227
10542709
10546339
10550934
10551803
10552638
10561202
10562918
10562998
10563096
10563397
10563754
10564840
10565966
10567909
10570911
10570915
10570939
10570955
10571915
10576537
10577705
10577757
10578876
10578939
10579026
10580496
10582501
10583086
10586863
10588242
10593990
10594142
10594814
10596336
10598740
10599105
10600557
10603372
10607539
10610295
10610296
10616088
10619513
10722618
10725178
10726359
10733488
10735340
10738225
10738248
10738346
10739511
10739748
10739809
10739854
10740278
10742548
10742552
10743279
10743303
10744187
10744189
10744490
10745792
10747671
10747690
10749105
10749109
10749218
10749658
10749661
10752797
10752985
10752999
10754179
10754262
10754336
10755645
10756840
10759890
10763177
10765382
10768246
10768788
10772052
10772752
10773848
10774039
10776980
10777065
10777527
10777586
10777598
10783631
10785525
10786311
10786824
10787474
10789275
10790114
10792548
10792569
10794735
10797492
10798297
10798331
10798482
10798639
10799716
10799762
10802855
10803046
10806230
10809193
10810108
10813812
10813891
10817195
10835964
10845421
10846639
10846781
10847267
10847494
10847515
10852414
10853277
10856354
10856524
10857071
10859543
10859544
10859545
10859546
10859547
10859559
10859560
10859561
10859562
10859563
10859585
10859586
10861202
10862338
10864736
10864742
10864746
10865066
10865286
10866156
10867953
10867977
10878614
10878775
10880149
10880665
10885279
10885293
10885678
10886115
10886753
10889070
10893183
10898246
10898258
10900971
10901823
10904370
10907879
10912212
10916500
10928446
10932489
10932692
10935006
10936207
10936654
10940465
10941461
10942973
10946780
10956555
10963731
10964614
10974647
10975049
10976052
10979586
10981071
10982202
10983976
10983989
10986556
10990381
10991093
10993954
10996776
10996796
10998683
11000503
11001068
11001420
11006605
11007226
11007285
11016955
11020391
11020400
11021788
11028864
11029692
11029693
11029694
11033279
11034959
11036824
11037211
11037289
11037727
11040681
11040913
11040914
11040915
11040917
11040918
11040922
11040923
11040925
11040926
11040927
11040964
11040968
11040978
11044437
11045519
11046421
11047625
11048236
11049183
11053673
11053987
11054263
11058460
11060819
11062657
11065510
11070105
11071854
11073588
11074090
11075111
11075653
11075678
11078510
11079665
11081226
11083005
11083191
11087149
11087922
11089709
11091973
11092324
11092637
11095395
11095495
11098494
11100176
11104276
11104293
11104305
11105318
11106557
11109830
11119611
11120337
11122213
11123796
11125006
11126593
11126714
11137825
11139977
11140104
11141476
11158793
11159481
11161221
11169134
11169139
11173968
11175281
11176317
11177152
11177854
11182062
11182073
11183095
11185938
11186328
11198520
11198652
11205431
11209535
11210137
11215144
11228337
11233500
11233665
11236912
11236917
11239144
11240578
11242051
11242268
11248145
11257161
11263759
11268867
11275997
11287214
11291411
11315391
11319900
11319914
11319935
11320037
11327407
11328278
11328734
11330039
11331286
11357660
11363868
11367101
11367650
11368658
11372616
11377180
11377213
11379457
11382525
11383565
11389817
11393476
11398230
11398861
11404757
11407085
11416868
11419891
11420999
11422135
11424019
11425087
11428531
11430435
11431951
11431955
11445339
11445601
11449553
11453049
11456070
11456983
11458666
11459201
11464692
11465946
11466503
11467035
11469182
11549643
11564431
11689482
11724423
11724692
11784541
11854976
11905096
11969731
11999413
12024415
12044914
12374405
12379466
12394409
12404416
12634451
12644425
12909889
12929408
12989956
13504470
13544403
13614457
13679512
13729597
13739537
13829822
13849405
13849409
13849416
13879461
13884482
13894928
13959438
14029524
14044408
14259447
14259455
14309402
14439404
14684754
14939467
15134670
15279463
15509400
15629745
15719401
15724537
15759423
15779629
15789400
15924404
15974413
16109421
16339451
16359403
16359444
16479398
16609477
16794858
17749466
17749478
17749486
17754398
17754404
17754407
17754410
17754412
17764404
17789406
17789412
17789424
18784408
19074480
19849413
20309400
20654401
20654417
20754413
20754455
20784466
20784472
20784477
20784493
20784496
20914404
21009413
21199404
22214403
22234419
23934406
24599410
24864400
26989424
26995673
26995887
27190368
27225178
27231090
27245833
27246243
27254831
27290096
27305234
27306786
27306914
27314417
27329912
27331230
27332877
27349727
27369408
27374475
27397373
27414754
27494549
27509751
27529399
27554735
27569906
27574413
27585294
27619466
27650719
27655507
27689810
27709847
27710359
27719541
27730469
27731004
27742424
27755218
27760241
27774975
27780003
27780623
27780707
27782858
27783654
27783702
27784408
27784924
27798898
27820203
27821299
27839654
27845099
27850071
27884961
27916376
27917672
27919975
27944617
27959435
27985027
28054597
28085204
28092293
28136285
28139661
28140137
28159713
28165362
28176604
28177406
28288705
28288946
28305547
28331321
28340733
28350441
28360652
28395892
28406024
28430547
28441323
28457045
28460859
28472564
28485425
28515184
28521246
28565786
28605660
28605801
28610256
28635721
28656135
28700208
28705307
28736148
28736154
28760536
28776659
28776690
28786440
28786617
28795708
28795992
28796341
28800506
28802513
28806318
28806325
28807835
28870726
28891830
28892480
28895145
28906965
28910203
28925187
28972753
28976194
28976534
28976670
28976671
28980518
28981896
28995455
28995585
29026555
29027882
29041197
29080266
29080946
29150242
29200760
29255842
29255887
29260231
29260358
29260359
29295543
29325176
29355691
29360953
29373004
29395564
29445606
29445607
29445662
29480643
29481220
29481267
29498156
29498523
29511467
29513256
29513584
29513585
29515624
29517686
29519006
29519022
29519049
29526224
29535892
29540259
29555476
29563549
29563955
29564473
29576856
29577176
29633485
29634105
29687084
29694710
29716114
29736185
29736287
29765404
29836312
29864034
29881781
29881805
29886286
29891783
29895820
29905338
29910160
29910231
29910378
29922238
29932521
29934749
29960035
29963171
29963450
29985556
29996320
30000009
30000248
30000962
30001622
30005058
30006103
30006970
30010422
30030763
30039983
30051088
30064891
30070792
30071399
30075249
30075461
30100308
30106483
30106720
30110200
30110263
30120593
30135781
30151141
30166359
30170828
30171497
30182395
30184375
30199888
30200929
30202426
30203203
30205607
30220650
30231446
30235134
30240792
30241111
30241397
30250712
30255477
30255531
30265978
30266096
30274221
30275303
30275922
30276282
30280039
30281629
30282252
30285318
30286027
30297454
30303315
30315774
30315812
30320889
30338428
30344976
30362318
30363148
30364196
30365450
30365516
30381381
30381382
30381383
30381385
30381386
30381807
30381810
30391500
30405210
30425552
30440840
30446839
30455266
30455718
30456195
30462314
30476328
30480159
30482140
30482525
30485843
30494962
30501209
30505284
30516028
30532957
30534880
30540525
30555917
30580165
30581008
30581981
30582144
30590864
30595114
30595816
30598636
30604524
30607849
30608776
30646540
30669955
30675167
30676016
30678721
30678761
30685363
30690142
30697489
30698369
30706978
30709054
30709575
30715096
30715180
30725139
30725782
30727002
30730660
30735792
30740875
30742834
30742879
30742890
30749086
30750034
30756239
30756392
30757763
30758135
30764922
30765094
30766024
30775686
30775954
30776933
30777196
30778015
30778068
30778378
30782122
30788787
30789021
30790365
30790545
30792221
30792670
30792784
30799316
30799728
30803929
30804228
30805426
30806896
30806999
30807318
30808656
30808975
30811604
30814493
30818514
30820707
30823344
30823610
30825210
30827571
30828042
30835020
30835740
30836066
30842638
30844597
30846666
30847234
30847275
30848749
30850904
30855721
30856905
30858405
30859602
30860415
30860746
30871067
30876276
30878465
30878653
30878955